[[0.5, 7.4], [0.9, 9.7], [-1.8, 7.6], [9.5, 1.5], [8.7, 2.4], [9.3, 1.9], [8.6, 2.6]]
-----------------------------------------------------------------------------------------
[[0.5, 7.4], [0.9, 9.7], [-1.8, 7.6]]
-----------------------------------------------------------------------------------------
[[0.5, 7.4], [0.9, 9.7], [-1.8, 7.6]]
-----------------------------------------------------------------------------------------
[[0.5, 7.4], [0.9, 9.7], [-1.8, 7.6], [9.5, 1.5], [8.7, 2.4], [9.3, 1.9], [8.6, 2.6]]
-----------------------------------------------------------------------------------------
[[0.5, 7.4], [0.9, 9.7], [-1.8, 7.6]]
-----------------------------------------------------------------------------------------
[[0.5, 7.4], [0.9, 9.7], [-1.8, 7.6]]
-----------------------------------------------------------------------------------------
