-------------------------------------------
[[10.4, -0.29], [3.585714285714285, 5.738095238095239]]
-------------------------------------------
[[9.54736842105263, 1.0473684210526315], [-0.17500000000000002, 8.141666666666667]]
-------------------------------------------
[[10.4, -0.29], [3.585714285714285, 5.738095238095239]]
-------------------------------------------
[[10.4, -0.29], [3.585714285714285, 5.738095238095239]]
-------------------------------------------
[[9.54736842105263, 1.0473684210526315], [-0.17500000000000002, 8.141666666666667]]
-------------------------------------------
[[10.4, -0.29], [3.585714285714285, 5.738095238095239]]
-------------------------------------------
[[9.54736842105263, 1.0473684210526315], [-0.17500000000000002, 8.141666666666667]]
-------------------------------------------
[[10.4, -0.29], [3.585714285714285, 5.738095238095239]]
-------------------------------------------
[[9.54736842105263, 1.0473684210526315], [-0.17500000000000002, 8.141666666666667]]
-------------------------------------------
[[10.4, -0.29], [3.585714285714285, 5.738095238095239]]
-------------------------------------------
[[9.54736842105263, 1.0473684210526315], [-0.17500000000000002, 8.141666666666667]]
-------------------------------------------
[[10.4, -0.29], [3.585714285714285, 5.738095238095239]]
-------------------------------------------
[[9.54736842105263, 1.0473684210526315], [-0.17500000000000002, 8.141666666666667]]
-------------------------------------------
[[10.4, -0.29], [3.585714285714285, 5.738095238095239]]
-------------------------------------------
[[9.54736842105263, 1.0473684210526315], [-0.17500000000000002, 8.141666666666667]]
-------------------------------------------
[[10.4, -0.29], [3.585714285714285, 5.738095238095239]]
-------------------------------------------
[[9.54736842105263, 1.0473684210526315], [-0.17500000000000002, 8.141666666666667]]
